22 23 24 25 26 27 
21 22 23 24 26 26 
21 22 23 25 25 27 
19 20 21 23 24 25 
19 20 21 24 25 26 
19 20 21 24 25 25 
21 22 24 24 26 27 
19 20 22 23 26 26 
19 20 22 23 24 27 
19 20 22 23 24 24 
19 20 22 24 24 26 
19 20 22 24 24 24 
19 20 23 24 25 27 
16 17 20 21 24 25 
19 20 23 24 24 27 
16 17 20 20 22 24 
19 20 23 24 24 25 
19 20 23 24 24 24 
19 20 24 24 25 26 
16 17 21 23 25 25 
19 20 24 24 24 26 
16 17 21 22 23 24 
19 20 24 24 24 25 
16 17 21 23 24 24 
21 23 23 25 26 27 
19 21 22 24 26 26 
19 21 22 25 25 27 
19 21 21 24 25 25 
19 21 21 25 25 26 
16 18 20 24 25 25 
19 21 22 23 26 27 
19 21 22 22 26 26 
19 21 22 23 23 27 
16 18 19 20 21 23 
16 18 19 21 23 26 
16 18 19 21 21 23 
19 21 23 23 25 27 
16 18 20 20 24 25 
19 21 23 23 23 27 
16 18 20 20 22 23 
16 18 20 21 23 25 
16 18 20 21 22 23 
16 18 21 23 25 26 
16 18 21 22 25 25 
16 18 21 22 23 26 
16 18 21 22 23 23 
16 18 21 21 23 25 
16 18 21 22 22 23 
19 22 23 24 26 27 
19 22 22 23 26 26 
16 19 20 23 24 27 
16 19 20 23 24 24 
16 19 20 24 24 26 
16 19 20 24 24 24 
19 22 23 23 26 27 
16 19 21 22 26 26 
16 19 19 21 23 27 
16 19 19 21 22 23 
16 19 19 22 23 26 
16 19 20 23 23 23 
19 22 23 23 24 27 
16 19 20 20 24 24 
19 22 23 23 23 27 
12 15 16 17 20 23 
16 19 20 21 23 24 
16 19 20 21 23 23 
16 19 21 23 24 26 
12 15 17 20 23 24 
16 19 21 23 23 26 
16 19 21 21 23 23 
16 19 21 21 23 24 
16 19 21 22 23 23 
19 23 23 24 25 27 
16 20 20 21 24 25 
16 20 22 24 24 27 
16 20 20 22 24 24 
16 20 20 24 24 25 
16 20 20 24 24 24 
19 23 23 23 25 27 
16 20 21 21 25 25 
16 20 21 22 23 27 
12 16 17 18 20 23 
12 16 17 20 23 25 
12 16 18 21 22 23 
19 23 23 23 24 27 
16 20 20 20 24 24 
16 20 22 23 23 27 
12 16 17 17 20 23 
16 20 20 22 23 24 
16 20 21 23 23 23 
16 20 21 23 24 25 
16 20 21 22 24 24 
16 20 21 23 23 25 
16 20 21 21 22 23 
16 20 21 22 23 24 
16 20 21 22 23 23 
16 21 23 24 25 26 
16 21 22 23 25 25 
16 21 22 24 24 26 
12 17 20 22 23 24 
12 17 20 23 24 25 
12 17 20 23 24 24 
16 21 23 23 25 26 
16 21 21 22 25 25 
16 21 21 22 23 26 
16 21 21 22 23 23 
16 21 21 23 23 25 
16 21 21 23 23 23 
16 21 22 23 24 26 
12 17 19 20 23 24 
16 21 22 23 23 26 
16 21 21 21 23 23 
16 21 22 23 23 24 
16 21 22 23 23 23 
16 21 21 23 24 25 
16 21 22 22 24 24 
16 21 22 23 23 25 
16 21 21 22 23 23 
16 21 22 22 23 24 
12 17 20 22 23 23 
22 22 24 25 26 27 
20 21 23 24 26 26 
20 21 23 25 25 27 
20 20 22 24 25 25 
20 20 22 25 25 26 
17 19 21 24 25 25 
20 21 24 24 26 27 
17 19 22 23 26 26 
20 20 23 24 24 27 
17 17 20 21 22 24 
17 17 20 22 24 26 
17 18 21 23 23 24 
20 20 24 24 25 27 
17 17 21 22 25 25 
17 19 23 24 24 27 
17 18 22 22 24 24 
17 17 21 22 24 25 
17 18 22 23 24 24 
17 17 22 24 25 26 
17 18 23 23 25 25 
17 18 23 24 24 26 
17 17 22 23 24 24 
17 18 23 23 24 25 
13 16 21 23 24 24 
20 21 22 25 26 27 
20 21 21 24 26 26 
20 21 21 25 25 27 
17 18 19 23 24 25 
17 18 19 24 25 26 
17 18 19 24 25 25 
20 21 22 22 26 27 
17 18 19 21 26 26 
17 18 19 20 22 27 
17 18 19 20 21 22 
17 18 19 21 22 26 
17 18 19 21 21 22 
17 18 20 22 25 27 
13 14 16 19 24 25 
17 18 20 20 22 27 
17 18 20 20 22 22 
17 18 20 21 22 25 
17 18 20 21 22 22 
17 18 21 22 25 26 
17 18 21 21 25 25 
17 18 21 22 22 26 
13 14 17 18 19 22 
17 18 21 21 22 25 
17 18 21 22 22 22 
20 22 22 24 26 27 
17 19 21 23 26 26 
17 19 19 23 24 27 
17 19 19 23 24 24 
17 19 19 24 24 26 
17 19 19 24 24 24 
20 22 22 22 26 27 
17 19 20 21 26 26 
17 19 19 21 22 27 
17 19 19 21 22 22 
17 19 19 22 22 26 
13 15 16 19 19 22 
17 19 20 22 24 27 
13 15 16 19 24 24 
17 19 20 21 22 27 
13 15 16 17 20 22 
17 19 20 21 22 24 
17 19 20 21 21 22 
17 19 21 22 24 26 
13 15 17 19 23 24 
17 19 21 21 22 26 
13 15 17 17 19 22 
17 19 21 21 22 24 
17 19 21 21 22 22 
17 20 22 24 25 27 
13 16 19 21 24 25 
17 20 21 24 24 27 
13 16 19 22 24 24 
13 16 19 24 24 25 
13 16 19 24 24 24 
17 20 21 22 25 27 
13 16 18 19 24 25 
17 20 21 22 22 27 
13 16 17 18 20 22 
13 16 17 20 22 25 
13 16 17 20 21 22 
17 20 20 22 24 27 
13 16 16 17 22 24 
17 20 21 21 22 27 
13 16 17 17 20 22 
17 20 20 22 22 24 
17 20 20 22 22 22 
17 20 21 22 24 25 
17 20 21 21 24 24 
17 20 21 21 22 25 
17 20 21 21 22 22 
17 20 21 22 22 24 
17 20 21 22 22 22 
17 21 22 24 25 26 
17 21 21 23 25 25 
17 21 21 24 24 26 
13 17 19 22 23 24 
13 17 19 23 24 25 
13 17 19 23 24 24 
17 21 21 22 25 26 
17 21 21 21 25 25 
17 21 21 22 22 26 
13 17 17 18 19 22 
13 17 17 19 22 25 
13 17 18 20 20 22 
17 21 22 22 24 26 
13 17 18 19 23 24 
17 21 22 22 22 26 
13 17 17 17 19 22 
13 17 18 19 22 24 
13 17 19 20 21 22 
17 21 21 22 24 25 
13 17 18 21 24 24 
17 21 21 22 22 25 
17 21 21 21 22 22 
17 21 22 22 22 24 
13 17 19 20 20 22 
21 22 23 25 26 27 
21 21 22 24 26 26 
21 21 22 25 25 27 
18 19 20 23 24 25 
18 19 20 24 25 26 
18 19 20 24 25 25 
18 19 22 23 26 27 
18 19 22 22 26 26 
18 19 22 23 23 27 
14 15 18 19 20 23 
14 15 18 20 23 26 
18 18 21 23 23 23 
18 19 23 23 25 27 
14 15 19 20 24 25 
18 19 23 23 23 27 
14 14 18 18 20 23 
14 15 19 20 23 25 
14 16 20 21 22 23 
14 15 20 23 25 26 
14 14 19 22 25 25 
14 16 21 22 23 26 
14 15 20 21 22 23 
18 18 23 23 23 25 
14 16 21 22 22 23 
21 22 22 25 26 27 
18 20 21 24 26 26 
18 20 21 25 25 27 
18 19 19 23 24 25 
18 19 19 24 25 26 
14 17 19 24 25 25 
18 18 20 22 26 27 
18 19 21 21 26 26 
18 18 20 21 22 27 
18 18 20 21 22 22 
18 18 20 22 22 26 
14 15 17 19 19 22 
18 18 21 22 25 27 
14 14 17 20 25 25 
18 19 22 22 22 27 
14 15 18 18 20 22 
18 18 21 22 22 25 
18 18 21 22 22 22 
18 18 22 22 25 26 
14 15 19 21 25 25 
18 18 22 22 22 26 
14 14 18 18 19 22 
14 15 19 19 22 25 
14 16 20 21 21 22 
21 22 22 23 26 27 
18 19 21 22 26 26 
18 19 19 23 23 27 
14 15 15 19 20 23 
14 15 15 20 23 26 
14 15 16 21 21 23 
21 22 22 22 26 27 
18 19 20 21 26 26 
14 15 16 19 22 27 
14 15 16 19 20 22 
14 15 16 20 22 26 
14 15 15 19 19 22 
18 19 20 22 23 27 
14 15 16 16 21 23 
18 19 20 22 22 27 
14 15 16 16 20 22 
18 19 20 21 22 23 
18 19 20 21 22 22 
18 19 21 22 23 26 
14 15 17 19 23 23 
18 19 21 22 22 26 
14 15 17 17 20 22 
18 19 21 21 22 23 
18 19 21 22 22 22 
18 20 22 23 25 27 
14 16 19 20 24 25 
14 16 19 22 23 27 
14 16 16 19 21 23 
14 16 16 21 23 25 
14 16 16 21 22 23 
18 20 22 22 25 27 
18 20 20 20 25 25 
18 20 20 22 22 27 
14 16 16 18 20 22 
14 16 16 20 22 25 
14 16 17 21 22 22 
18 20 20 22 23 27 
14 16 16 18 23 23 
18 20 21 22 22 27 
14 16 16 16 20 22 
18 20 20 22 22 23 
14 16 17 19 22 22 
18 20 21 22 23 25 
14 16 17 19 22 23 
18 20 21 22 22 25 
14 16 17 20 22 22 
18 20 21 22 22 23 
18 20 21 22 22 22 
18 21 22 23 25 26 
18 21 21 22 25 25 
14 17 19 22 23 26 
14 17 19 22 23 23 
14 17 19 23 23 25 
14 17 19 23 23 23 
18 21 22 22 25 26 
14 17 20 21 25 25 
14 17 20 22 22 26 
14 17 17 19 20 22 
14 17 17 20 22 25 
14 17 17 20 20 22 
18 21 22 22 23 26 
14 17 18 19 23 23 
18 21 22 22 22 26 
14 17 18 19 22 22 
14 17 18 19 22 23 
18 21 21 22 22 22 
18 21 21 22 23 25 
14 17 17 20 23 23 
18 21 22 22 22 25 
14 17 17 18 20 22 
18 21 22 22 22 23 
14 17 19 20 22 22 
22 22 23 24 26 27 
19 21 22 23 26 26 
19 19 20 23 24 27 
19 19 20 23 24 24 
19 19 20 24 24 26 
19 19 20 24 24 24 
19 21 23 23 26 27 
19 19 21 22 26 26 
19 19 21 23 23 27 
15 15 17 19 20 23 
15 15 17 20 23 26 
15 16 18 21 21 23 
19 19 23 23 24 27 
15 16 20 20 24 24 
19 19 23 23 23 27 
15 15 19 20 23 23 
15 15 19 20 23 24 
15 16 20 21 23 23 
15 15 20 23 24 26 
15 15 20 20 23 24 
15 16 21 23 23 26 
15 16 21 21 23 23 
15 16 21 21 23 24 
15 16 21 22 23 23 
22 22 22 24 26 27 
19 20 21 23 26 26 
19 20 20 24 24 27 
19 19 19 23 24 24 
19 19 19 24 24 26 
15 17 18 23 23 24 
19 20 21 22 26 27 
19 20 21 21 26 26 
15 16 17 19 22 27 
15 16 17 19 20 22 
15 16 17 20 22 26 
15 15 16 19 19 22 
15 16 19 22 24 27 
15 16 19 19 24 24 
15 17 20 21 22 27 
10 11 14 15 18 22 
15 16 19 20 22 24 
15 16 19 20 21 22 
15 16 20 22 24 26 
10 11 15 19 23 24 
15 16 20 21 22 26 
15 16 20 20 22 22 
15 15 19 19 22 24 
15 17 21 21 22 22 
22 22 22 23 26 27 
19 20 21 22 26 26 
19 19 19 23 23 27 
15 15 15 19 20 23 
15 15 15 20 23 26 
15 16 17 22 22 23 
19 21 22 22 26 27 
15 18 20 21 26 26 
15 16 16 19 22 27 
15 16 16 19 20 22 
15 16 16 20 22 26 
15 17 18 22 22 22 
19 19 21 22 23 27 
15 15 17 17 22 23 
19 20 22 22 22 27 
10 10 12 14 18 22 
19 19 21 22 22 23 
15 16 18 19 22 22 
19 19 22 22 23 26 
10 10 13 17 21 23 
15 16 19 22 22 26 
15 15 18 18 21 22 
15 16 19 19 22 23 
15 17 20 21 22 22 
19 20 22 23 24 27 
15 16 19 20 24 24 
19 20 21 23 23 27 
15 16 16 18 21 23 
15 16 16 21 23 24 
15 16 16 21 23 23 
19 20 22 22 24 27 
15 16 17 17 22 24 
19 20 20 21 22 27 
15 16 16 17 20 22 
15 16 16 20 22 24 
15 16 17 21 21 22 
19 20 21 22 23 27 
15 16 17 18 23 23 
19 20 21 22 22 27 
15 16 16 16 20 22 
15 16 17 20 22 23 
15 16 16 19 22 22 
19 20 21 22 23 24 
19 20 21 21 23 23 
19 20 21 22 22 24 
15 16 17 20 21 22 
19 20 21 21 22 23 
19 20 21 21 22 22 
19 21 22 23 24 26 
15 17 19 20 23 24 
19 21 21 23 23 26 
15 17 19 21 23 23 
15 17 19 23 23 24 
15 17 19 23 23 23 
19 21 22 22 24 26 
15 17 20 20 24 24 
15 17 20 21 22 26 
15 17 17 18 20 22 
15 17 17 20 22 24 
15 17 17 20 21 22 
19 21 21 22 23 26 
15 17 18 19 23 23 
19 21 21 22 22 26 
15 17 19 19 22 22 
15 17 17 19 22 23 
15 17 18 20 22 22 
19 21 21 22 23 24 
15 17 18 21 23 23 
19 21 22 22 22 24 
19 21 21 21 22 22 
19 21 21 22 22 23 
15 17 19 21 22 22 
20 22 23 24 25 27 
16 19 20 21 24 25 
20 21 22 24 24 27 
16 19 20 22 24 24 
16 19 20 24 24 25 
16 19 20 24 24 24 
20 21 23 23 25 27 
16 19 21 21 25 25 
16 19 21 22 23 27 
16 16 18 19 21 23 
16 16 18 21 23 25 
16 16 18 21 22 23 
16 19 22 23 24 27 
16 16 19 20 24 24 
16 19 22 23 23 27 
16 16 19 19 22 23 
16 16 19 21 23 24 
16 16 19 21 23 23 
16 16 21 23 24 25 
16 16 21 22 24 24 
16 16 21 23 23 25 
16 16 21 21 22 23 
16 16 21 22 23 24 
16 16 21 22 23 23 
20 22 22 24 25 27 
20 20 20 22 25 25 
20 20 21 24 24 27 
16 17 17 20 22 24 
16 17 17 22 24 25 
16 17 18 23 24 24 
20 20 21 22 25 27 
16 17 18 19 24 25 
20 20 21 22 22 27 
16 16 17 18 20 22 
16 16 17 20 22 25 
16 17 18 21 22 22 
20 20 22 22 24 27 
16 17 19 19 24 24 
20 20 22 22 22 27 
11 13 15 15 18 22 
16 16 18 20 22 24 
16 17 19 21 21 22 
16 16 20 22 24 25 
11 13 17 21 24 24 
16 17 21 21 22 25 
16 17 21 21 22 22 
16 17 21 22 22 24 
16 17 21 22 22 22 
20 21 22 23 25 27 
16 18 19 20 24 25 
16 18 19 22 23 27 
16 17 18 21 23 23 
16 17 18 23 23 25 
11 14 16 21 22 23 
20 21 22 22 25 27 
16 18 19 19 24 25 
20 20 20 22 22 27 
16 16 16 18 20 22 
16 16 16 20 22 25 
16 17 17 21 21 22 
20 21 22 22 23 27 
16 17 18 18 23 23 
20 21 22 22 22 27 
11 12 13 14 18 22 
16 17 18 20 22 23 
16 16 17 19 22 22 
16 17 20 22 23 25 
11 12 15 19 22 23 
16 16 19 22 22 25 
16 17 20 20 22 22 
16 17 20 21 22 23 
16 18 21 22 22 22 
20 20 22 23 24 27 
16 16 17 18 22 24 
20 21 21 23 23 27 
16 16 18 20 23 23 
16 16 18 23 23 24 
16 17 18 23 23 23 
20 21 22 22 24 27 
16 17 18 18 23 24 
20 20 21 22 22 27 
16 16 16 17 20 22 
16 16 16 20 22 24 
16 16 17 21 22 22 
20 21 21 22 23 27 
16 17 17 18 23 23 
16 19 21 22 22 27 
11 13 14 14 18 22 
16 17 17 20 22 23 
16 18 19 22 22 22 
20 20 22 22 23 24 
16 17 19 21 23 23 
16 17 19 22 22 24 
16 16 18 21 22 22 
20 20 22 22 22 23 
16 18 20 21 22 22 
20 21 22 23 24 25 
20 21 21 22 24 24 
20 21 21 23 23 25 
16 17 19 21 22 23 
16 17 19 22 23 24 
16 17 19 22 23 23 
20 21 22 22 24 25 
16 17 20 21 24 24 
16 17 20 21 22 25 
16 17 20 21 22 22 
16 17 20 22 22 24 
16 17 20 22 22 22 
20 21 21 22 23 25 
16 17 18 19 22 23 
20 21 21 22 22 25 
16 17 18 18 20 22 
20 21 21 22 22 23 
20 21 21 22 22 22 
20 21 22 22 23 24 
20 21 21 21 23 23 
20 21 22 22 22 24 
16 17 19 20 21 22 
20 21 22 22 22 23 
16 17 19 21 22 22 
21 22 23 24 25 26 
21 21 22 23 25 25 
21 21 22 24 24 26 
17 19 20 22 23 24 
17 19 20 23 24 25 
17 19 20 23 24 24 
21 21 23 23 25 26 
17 19 21 22 25 25 
17 19 21 22 23 26 
17 19 21 22 23 23 
17 19 21 23 23 25 
17 19 21 23 23 23 
17 19 22 23 24 26 
12 16 19 20 23 24 
17 19 22 23 23 26 
12 16 19 19 21 23 
17 19 22 23 23 24 
17 19 22 23 23 23 
17 19 23 23 24 25 
12 16 20 22 24 24 
17 19 23 23 23 25 
12 16 20 21 22 23 
17 19 23 23 23 24 
12 16 20 22 23 23 
21 22 22 24 25 26 
17 20 21 23 25 25 
17 20 21 24 24 26 
17 20 20 23 24 24 
17 20 20 24 24 25 
17 17 19 23 24 24 
17 20 21 22 25 26 
17 20 21 21 25 25 
17 20 21 22 22 26 
17 17 18 19 20 22 
17 17 18 20 22 25 
17 17 18 20 20 22 
17 20 22 22 24 26 
17 17 19 19 23 24 
17 20 22 22 22 26 
17 17 19 19 21 22 
17 17 19 20 22 24 
17 17 19 20 21 22 
17 17 20 22 24 25 
17 17 20 21 24 24 
17 17 20 21 22 25 
17 17 20 21 22 22 
17 17 20 20 22 24 
17 17 20 21 21 22 
21 21 22 23 25 26 
21 21 21 22 25 25 
17 18 19 22 23 26 
17 18 19 22 23 23 
17 18 19 23 23 25 
17 18 19 23 23 23 
21 21 22 22 25 26 
17 18 20 21 25 25 
17 18 18 20 22 26 
17 19 19 21 22 22 
17 19 19 22 22 25 
17 18 19 22 22 22 
21 21 22 22 23 26 
17 18 19 19 23 23 
21 21 22 22 22 26 
17 17 18 19 22 22 
17 17 18 19 22 23 
17 18 19 20 22 22 
17 17 19 22 23 25 
17 17 19 19 22 23 
17 18 20 22 22 25 
17 18 20 20 22 22 
17 18 20 20 22 23 
17 18 20 21 22 22 
21 22 22 23 24 26 
17 18 19 20 23 24 
21 21 21 23 23 26 
17 18 19 21 23 23 
17 18 19 23 23 24 
17 18 19 23 23 23 
21 22 22 22 24 26 
17 19 20 20 24 24 
17 19 20 21 22 26 
17 18 19 20 22 22 
17 18 19 22 22 24 
12 15 17 20 21 22 
21 22 22 22 23 26 
17 18 18 18 22 23 
17 19 21 22 22 26 
17 18 19 19 22 22 
17 17 17 19 22 23 
17 18 19 21 22 22 
17 18 19 22 23 24 
17 17 18 21 23 23 
21 21 22 22 22 24 
17 18 19 20 21 22 
17 19 20 21 22 23 
17 19 20 21 22 22 
21 21 22 23 24 25 
17 18 21 22 24 24 
17 18 21 23 23 25 
17 17 20 22 23 23 
17 17 20 23 23 24 
17 19 19 22 23 23 
21 22 22 22 24 25 
17 19 20 21 24 24 
21 21 21 22 22 25 
17 17 18 19 20 22 
17 17 18 20 22 24 
17 18 19 21 21 22 
21 21 22 22 23 25 
17 17 19 20 23 23 
17 19 21 22 22 25 
17 18 19 19 21 22 
21 21 21 22 22 23 
17 18 20 21 22 22 
21 22 22 22 23 24 
17 19 20 21 23 23 
17 19 20 22 22 24 
17 18 18 20 21 22 
17 19 20 20 22 23 
12 16 19 21 22 22